Linux 6.18.33-1-lts (Linux) 	31/05/2026 	_x86_64_	(8 CPU)

22:43:04      UID       PID  minflt/s  majflt/s     VSZ     RSS   %MEM  Command
22:43:05     1000     64706  12421,00      0,00 21475422828  132392   1,70  Game
22:43:06     1000     64706    238,00      0,00 21475422892  133416   1,71  Game
22:43:07     1000     64706    234,00      0,00 21475423464  134184   1,72  Game
22:43:08     1000     64706    233,00      0,00 21475423528  134952   1,73  Game
22:43:09     1000     64706    224,00      0,00 21475423016  135848   1,74  Game
22:43:10     1000     64706    235,00      0,00 21475423592  136616   1,75  Game
22:43:11     1000     64706    272,28      0,00 21475423080  137384   1,76  Game
22:43:12     1000     64706    248,00      0,00 21475423656  138152   1,77  Game
22:43:13     1000     64706    213,00      0,00 21475423144  138920   1,78  Game
22:43:14     1000     64706    204,00      0,00 21475423656  139560   1,79  Game
22:43:15     1000     64706    229,00      0,00 21475423208  140328   1,80  Game
22:43:16     1000     64706    216,00      0,00 21475423784  141096   1,81  Game
22:43:17     1000     64706    181,00      0,00 21475423784  141608   1,82  Game
22:43:18     1000     64706    178,00      0,00 21475423272  142120   1,82  Game
22:43:19     1000     64706    195,00      0,00 21475423336  142632   1,83  Game
22:43:20     1000     64706    233,00      0,00 21475423848  143400   1,84  Game
22:43:21     1000     64706    221,00      0,00 21475425960  143912   1,85  Game
22:43:22     1000     64706    195,00      0,00 21475425960  144552   1,85  Game
22:43:23     1000     64706    154,00      0,00 21475423464  145064   1,86  Game
22:43:24     1000     64706    176,00      0,00 21475423976  145576   1,87  Game
22:43:25     1000     64706    184,00      0,00 21475423976  145960   1,87  Game
22:43:26     1000     64706    163,00      0,00 21475424040  146472   1,88  Game
22:43:27     1000     64706    136,00      0,00 21475423588  146984   1,89  Game
22:43:28     1000     64706    160,00      0,00 21475424100  147368   1,89  Game
22:43:29     1000     64706    123,00      0,00 21475423588  147880   1,90  Game
22:43:30     1000     64706    144,00      0,00 21475424164  148264   1,90  Game
22:43:31     1000     64706    164,00      0,00 21475423716  148776   1,91  Game
22:43:32     1000     64706    141,00      0,00 21475424228  149160   1,91  Game
22:43:33     1000     64706    159,00      0,00 21475424228  149672   1,92  Game
22:43:34     1000     64706    133,00      0,00 21475426340  150184   1,93  Game
22:43:35     1000     64706    183,00      0,00 21475424356  150568   1,93  Game
22:43:36     1000     64706    188,00      0,00 21475426404  151080   1,94  Game
22:43:37     1000     64706    190,00      0,00 21475426468  151720   1,95  Game
22:43:38     1000     64706    183,00      0,00 21475426468  152232   1,95  Game
22:43:39     1000     64706    164,00      0,00 21475426532  152744   1,96  Game
22:43:40     1000     64706    209,00      0,00 21475426532  153256   1,97  Game
22:43:41     1000     64706    215,00      0,00 21475428644  153896   1,97  Game
22:43:42     1000     64706    229,00      0,00 21475428708  154536   1,98  Game
22:43:43     1000     64706    227,00      0,00 21475426660  155304   1,99  Game
22:43:44     1000     64706    243,00      0,00 21475426724  156072   2,00  Game
22:43:45     1000     64706    257,00      0,00 21475426728  156840   2,01  Game
22:43:46     1000     64706    313,00      0,00 21475428840  157736   2,02  Game
22:43:47     1000     64706    321,00      0,00 21475428904  158504   2,03  Game
22:43:48     1000     64706    302,00      0,00 21475426856  159528   2,05  Game
22:43:49     1000     64706    318,00      0,00 21475426920  160424   2,06  Game
22:43:50     1000     64706    347,00      0,00 21475428972  161448   2,07  Game
22:43:51     1000     64706    353,00      0,00 21475426988  162344   2,08  Game
22:43:52     1000     64706    394,00      0,00 21475429100  163624   2,10  Game
22:43:53     1000     64706    375,00      0,00 21475429100  164648   2,11  Game
22:43:54     1000     64706    390,00      0,00 21475429164  165544   2,12  Game
22:43:55     1000     64706    449,00      0,00 21475429164  166824   2,14  Game
22:43:56     1000     64706    438,00      0,00 21475429228  168104   2,16  Game
22:43:57     1000     64706    463,00      0,00 21475429292  169384   2,17  Game
22:43:58     1000     64706    426,00      0,00 21475429292  170536   2,19  Game
22:43:59     1000     64706    443,00      0,00 21475429356  171944   2,21  Game
22:44:00     1000     64706    397,00      0,00 21475429544  172840   2,22  Game
22:44:01     1000     64706    446,00      0,00 21475429608  174120   2,23  Game
22:44:02     1000     64706    431,00      0,00 21475429608  175400   2,25  Game
22:44:03     1000     64706    394,00      0,00 21475429672  176424   2,26  Game
22:44:04     1000     64706    396,00      0,00 21475429736  177704   2,28  Game
22:44:05     1000     64706    426,00      0,00 21475429736  178984   2,30  Game
22:44:06     1000     64706    416,00      0,00 21475429800  180264   2,31  Game
22:44:07     1000     64706    402,00      0,00 21475429800  181416   2,33  Game
22:44:08     1000     64706    416,00      0,00 21475430332  182440   2,34  Game
